[gd_scene load_steps=2 format=2]

[ext_resource path="res://assets/intro_room_furniture.escn" type="PackedScene" id=1]

[node name="intro_room_furniture" index="0" instance=ExtResource( 1 )]

[node name="ClosetArmature" parent="." index="4"]
bones/0/bound_children = [ NodePath("BaseBoneAttachment") ]
bones/1/bound_children = [ NodePath("Door_Left1BoneAttachment") ]
bones/2/bound_children = [ NodePath("Door_Left2BoneAttachment") ]
bones/3/bound_children = [ NodePath("Door_Right1BoneAttachment") ]
bones/4/bound_children = [ NodePath("Door_Right2BoneAttachment") ]

[node name="Door_Left1BoneAttachment" parent="ClosetArmature" index="1"]
transform = Transform( 0.0432793, 9.29451e-006, -0.999063, 0.999063, 0.000214421, 0.0432791, 0.000214622, -1, -5.87841e-009, -2.45672, 1.254, 0.0013389 )

[node name="Door_Left2BoneAttachment" parent="ClosetArmature" index="2"]
transform = Transform( -0.0424441, -6.13659e-011, -0.999099, 0.999099, -1.36776e-007, -0.0424443, -1.37146e-007, -1, 5.83929e-009, -1.27942, 1.203, 0.00133891 )

[node name="Door_Right2BoneAttachment" parent="ClosetArmature" index="3"]
transform = Transform( -0.0424442, -5.74365e-011, 0.999099, -0.999099, -1.37517e-007, -0.0424442, 1.37396e-007, -1, 5.77937e-009, 1.27942, 1.203, 0.00133891 )

[node name="Door_Right1BoneAttachment" parent="ClosetArmature" index="4"]
transform = Transform( 0.0434939, 4.70993e-009, 0.999054, -0.999054, -2.45664e-007, 0.0434938, 2.45637e-007, -1, -5.97947e-009, 2.45672, 1.25425, 0.0013389 )

[node name="BaseBoneAttachment" parent="ClosetArmature" index="5"]
transform = Transform( -1, -1.34309e-006, 0, 0, 0, -1, 1.34309e-006, -1, 0, 0, 0, 0 )

[node name="picture 1001" parent="." index="19"]
cast_shadow = 0
