[gd_scene load_steps=4 format=2]

[ext_resource path="res://assets/log_2.escn" type="PackedScene" id=1]

[sub_resource type="BoxShape" id=1]
extents = Vector3( 0.344826, 0.518979, 3.19883 )

[sub_resource type="BoxShape" id=2]
extents = Vector3( 1, 0.254449, 0.176048 )

[node name="log_2" index="0" instance=ExtResource( 1 )]

[node name="StaticBody" type="StaticBody" parent="." index="1"]

[node name="CollisionShape" type="CollisionShape" parent="StaticBody" index="0"]
transform = Transform( 1, 0, 0, 0, 0.999025, -0.0441419, 0, 0.0441419, 0.999025, -0.394234, 0.118995, 0.800455 )
shape = SubResource( 1 )

[node name="CollisionShape2" type="CollisionShape" parent="StaticBody" index="1"]
transform = Transform( 0.740826, 0, -0.671697, 0, 1, 0, 0.671697, 0, 0.740826, 0.186495, 0, 1.60032 )
shape = SubResource( 2 )

[node name="CollisionShape3" type="CollisionShape" parent="StaticBody" index="2"]
transform = Transform( -0.873878, 0, -0.486146, 0, 1, 0, 0.486146, 0, -0.873878, -1.5776, 0, 3.1523 )
shape = SubResource( 2 )
